[gd_scene load_steps=9 format=3 uid="uid://magr34b1ymtt"]

[ext_resource type="Script" path="res://dice/Die.gd" id="1_43gqg"]
[ext_resource type="ArrayMesh" uid="uid://btvar01sdlpso" path="res://assets/models/die-collision.obj" id="2_td675"]
[ext_resource type="ArrayMesh" uid="uid://dcxtubkpqkmnt" path="res://assets/models/die.obj" id="3_26bxf"]
[ext_resource type="ArrayMesh" uid="uid://210j5igqsqmu" path="res://assets/models/numbers.obj" id="4_4i5hn"]
[ext_resource type="Material" path="res://assets/materials/DieMateriall.tres" id="4_5udbi"]
[ext_resource type="PackedScene" path="res://Dice/Normal.tscn" id="5_tc7je"]

[sub_resource type="PhysicsMaterial" id="1"]
bounce = 0.5

[sub_resource type="ConvexPolygonShape3D" id="2"]
points = PackedVector3Array(0, 0, -3.41, 2.90072, 0.942502, -1.525, 0, 3.05, -1.525, 0, 0, -3.41, 1.79274, -2.4675, -1.525, 2.90072, 0.942502, -1.525, 0, 0, -3.41, -1.79274, -2.4675, -1.525, 1.79274, -2.4675, -1.525, 0, 0, -3.41, -2.90072, 0.942502, -1.525, -1.79274, -2.4675, -1.525, 0, 0, -3.41, 0, 3.05, -1.525, -2.90072, 0.942502, -1.525, 0, 3.05, -1.525, -1.79274, 2.4675, 1.525, -2.90072, 0.942502, -1.525, -2.90072, 0.942502, -1.525, -2.90072, -0.942502, 1.525, -1.79274, -2.4675, -1.525, -1.79274, -2.4675, -1.525, 0, -3.05, 1.525, 1.79274, -2.4675, -1.525, 1.79274, -2.4675, -1.525, 2.90072, -0.942502, 1.525, 2.90072, 0.942502, -1.525, 2.90072, 0.942502, -1.525, 1.79274, 2.4675, 1.525, 0, 3.05, -1.525, 0, 3.05, -1.525, 1.79274, 2.4675, 1.525, -1.79274, 2.4675, 1.525, -2.90072, 0.942502, -1.525, -1.79274, 2.4675, 1.525, -2.90072, -0.942502, 1.525, -1.79274, -2.4675, -1.525, -2.90072, -0.942502, 1.525, 0, -3.05, 1.525, 1.79274, -2.4675, -1.525, 0, -3.05, 1.525, 2.90072, -0.942502, 1.525, 2.90072, 0.942502, -1.525, 2.90072, -0.942502, 1.525, 1.79274, 2.4675, 1.525, 0, 0, 3.41, -1.79274, 2.4675, 1.525, 1.79274, 2.4675, 1.525, 0, 0, 3.41, 1.79274, 2.4675, 1.525, 2.90072, -0.942502, 1.525, 0, 0, 3.41, 2.90072, -0.942502, 1.525, 0, -3.05, 1.525, 0, 0, 3.41, 0, -3.05, 1.525, -2.90072, -0.942502, 1.525, 0, 0, 3.41, -2.90072, -0.942502, 1.525, -1.79274, 2.4675, 1.525)

[node name="Die" type="RigidBody3D"]
physics_material_override = SubResource("1")
gravity_scale = 2.5
contact_monitor = true
script = ExtResource("1_43gqg")

[node name="die-collision" type="MeshInstance3D" parent="."]
visible = false
mesh = ExtResource("2_td675")

[node name="CollisionShape" type="CollisionShape3D" parent="."]
transform = Transform3D(0.125, 0, 0, 0, 0.122781, 0.0234484, 0, -0.0234484, 0.122781, 0, 0, 0)
shape = SubResource("2")

[node name="die" type="MeshInstance3D" parent="."]
transform = Transform3D(0.125, 0, 0, 0, 0.122781, 0.0234484, 0, -0.0234484, 0.122781, 0, 0, 0)
mesh = ExtResource("3_26bxf")
surface_material_override/0 = ExtResource("4_5udbi")

[node name="numbers" type="MeshInstance3D" parent="."]
transform = Transform3D(0.125, 0, 0, 0, 0.122781, 0.0234484, 0, -0.0234484, 0.122781, 0, 0, 0)
mesh = ExtResource("4_4i5hn")

[node name="Normals" type="Node3D" parent="."]
visible = false

[node name="Normal20" parent="Normals" instance=ExtResource("5_tc7je")]

[node name="Normal14" parent="Normals" instance=ExtResource("5_tc7je")]
transform = Transform3D(1, 0, 0, 0, 0.707107, -0.707107, 0, 0.707107, 0.707107, 0, 0, 0)
face = 14

[node name="Normal2" parent="Normals" instance=ExtResource("5_tc7je")]
transform = Transform3D(-0.5, 0.612372, 0.612372, 0, 0.707107, -0.707107, -0.866025, -0.353553, -0.353553, 0, 0, 0)
face = 2

[node name="Normal8" parent="Normals" instance=ExtResource("5_tc7je")]
transform = Transform3D(-0.5, -0.612372, -0.612372, 0, 0.707107, -0.707107, 0.866026, -0.353553, -0.353553, 0, 0, 0)
face = 8

[node name="Normal16" parent="Normals" instance=ExtResource("5_tc7je")]
transform = Transform3D(0.224144, -0.94506, -0.237953, 0.12941, 0.270866, -0.953879, 0.965926, 0.183013, 0.183013, 0, 0, 0)
face = 16

[node name="Normal6" parent="Normals" instance=ExtResource("5_tc7je")]
transform = Transform3D(0.841506, -0.538849, -0.0388486, 0.12941, 0.270866, -0.953879, 0.524519, 0.797668, 0.297668, 0, 0, 0)
face = 6

[node name="Normal4" parent="Normals" instance=ExtResource("5_tc7je")]
transform = Transform3D(0.724444, 0.631024, 0.27747, 0.12941, 0.270866, -0.953879, -0.677077, 0.726939, 0.114567, 0, 0, 0)
face = 4

[node name="Normal18" parent="Normals" instance=ExtResource("5_tc7je")]
transform = Transform3D(0.0334936, 0.960225, 0.277212, 0.12941, 0.270866, -0.953879, -0.991025, 0.0678228, -0.11519, 0, 0, 0)
face = 18

[node name="Normal12" parent="Normals" instance=ExtResource("5_tc7je")]
transform = Transform3D(-0.948588, 0.314036, -0.0395172, 0.12941, 0.270866, -0.953879, -0.288849, -0.909952, -0.29758, 0, 0, 0)
face = 12

[node name="Normal10" parent="Normals" instance=ExtResource("5_tc7je")]
transform = Transform3D(-0.875, -0.421376, -0.238363, 0.12941, 0.270866, -0.953879, 0.466506, -0.86549, -0.182478, 0, 0, 0)
face = 10

[node name="Normal1" parent="Normals" instance=ExtResource("5_tc7je")]
transform = Transform3D(-1, 8.74228e-08, 0, -8.74228e-08, -1, 0, 0, 0, 1, 0, 0, 0)
face = 1

[node name="Normal19" parent="Normals" instance=ExtResource("5_tc7je")]
transform = Transform3D(-0.612372, -0.612372, 0.5, 0.707107, -0.707107, 0, 0.353553, 0.353553, 0.866025, 0, 0, 0)
face = 19

[node name="Normal13" parent="Normals" instance=ExtResource("5_tc7je")]
transform = Transform3D(0.612372, 0.612372, 0.5, 0.707107, -0.707107, 0, 0.353553, 0.353553, -0.866025, 0, 0, 0)
face = 13

[node name="Normal7" parent="Normals" instance=ExtResource("5_tc7je")]
transform = Transform3D(-5.96046e-08, -5.96046e-08, -1, 0.707107, -0.707107, 0, -0.707107, -0.707107, 1.19209e-07, 0, 0, 0)
face = 7

[node name="Normal17" parent="Normals" instance=ExtResource("5_tc7je")]
transform = Transform3D(-0.183013, -0.683013, -0.707107, 0.965926, -0.258819, 7.71341e-09, -0.183013, -0.683013, 0.707107, 0, 0, 0)
face = 17

[node name="Normal3" parent="Normals" instance=ExtResource("5_tc7je")]
transform = Transform3D(-0.257834, -0.96225, -0.0871557, 0.965926, -0.258819, 0, -0.0225576, -0.084186, 0.996195, 0, 0, 0)
face = 3

[node name="Normal9" parent="Normals" instance=ExtResource("5_tc7je")]
transform = Transform3D(-0.0885214, -0.330366, 0.939692, 0.965926, -0.258819, 0, 0.24321, 0.907673, 0.34202, 0, 0, 0)
face = 9

[node name="Normal11" parent="Normals" instance=ExtResource("5_tc7je")]
transform = Transform3D(0.109382, 0.408218, 0.906308, 0.965926, -0.258819, 0, 0.23457, 0.875426, -0.422618, 0, 0, 0)
face = 11

[node name="Normal5" parent="Normals" instance=ExtResource("5_tc7je")]
transform = Transform3D(0.254887, 0.951251, -0.173648, 0.965926, -0.258819, 0, -0.0449435, -0.167731, -0.984808, 0, 0, 0)
face = 5

[node name="Normal15" parent="Normals" instance=ExtResource("5_tc7je")]
transform = Transform3D(0.148453, 0.554032, -0.819152, 0.965926, -0.258819, 0, -0.212012, -0.79124, -0.573576, 0, 0, 0)
face = 15

[connection signal="body_entered" from="." to="." method="_on_Die_body_entered"]
[connection signal="sleeping_state_changed" from="." to="." method="_on_die_sleeping_state_changed"]
